7536
3236
21085
36681
43128
56926
25324
34385
53192
24362
20285
42946
9169
64268
15610
61203
28723
8081
17092
20328
38160
18562
29122
9871
7418
52759
33530
32252
571
24269
39101
10724
14357
56307
1633
7697
53405
38765
21731
65406
35673
22382
12502
61386
23686
45583
47189
19991
1743
13114
54833
5737
14877
49991
17714
12072
12088
8335
14895
17016
23244
10711
434
18598
22523
44978
31861
8324
27689
34647
61682
5165
12530
28389
11959
62130
50804
49491
17697
7167
1489
3045
51781
431
10756
57389
51958
57463
18974
4209
22929
57277
23617
14672
24981
2767
45567
44680
61805
20186
28155
45720
52558
35935
9545
13650
34076
63826
5701
5354
55018
19379
20372
13284
14187
4648
5665
21598
29789
2852
27981
853
35442
24873
2721
27783
43803
18119
15099
28109
46767
13478
27732
61360
63339
57819
39224
27788
414
12565
48150
45076
18283
40481
36111
33554
8965
64798
1697
64113
936
33199
49606
4576
42885
22228
63861
45443
12928
33323
38462
6012
50747
13594
48373
14897
32419
1682
3443
15027
20094
13948
43219
37009
52344
4833
44744
42311
10742
50428
45345
3578
5429
15184
32801
10873
28328
1164
7074
24785
29163
52982
51463
28966
9146
55369
42553
63187
39905
1024
15177
23905
43756
2212
51342
41715
43753
20953
29397
49608
14379
56078
9280
38937
34215
36832
31692
29945
57265
14812
34878
59996
19168
57759
13055
17379
35457
57707
9516
43142
63051
62351
57939
56796
36946
58820
45531
18417
42629
36312
28625
50109
52521
19013
18495
36112
13586
3250
54081
30559
51251
21256
46194
21306
17570
57403
19378
42307
59555
44569
51371
38529
34030
53237
64314
50758
50335
37041
2602
60086
44776
24641
9431
50076
19856
27383
46232
6869
42789
25210
17730
31613
64587
58133
41549
1154
18340
27295
42250
41282
9972
24215
8565
58203
36197
40861
53097
22482
22930
32607
7969
10295
18803
7590
36481
4514
57771
40866
23195
43167
81
60463
43793
46515
48233
34503
33951
27418
21996
23428
45771
50491
48663
18191
18254
38164
16259
30723
30152
16885
6400
29283
13556
1921
14385
9070
49368
24900
24824
39599
34053
1919
57336
20204
6061
44185
51227
24741
22489
59532
49283
49831
55048
3030
39047
10711
62227
3630
28160
55833
13433
23192
56865
62838
2498
49936
56769
40565
1625
38299
51890
44338
44185
21484
38802
45778
7178
25011
40408
48635
61406
38103
23005
38893
13218
43518
49569
47794
44503
30652
58400
59302
18320
22344
23515
18679
3564
41754
56902
19119
998
44766
52058
40620
41409
2137
16090
5354
45129
47910
26565
25818
64228
20802
9538
42880
49341
15566
25006
60177
38139
40053
55392
61870
36046
1900
53257
13419
53619
26857
32072
43977
25031
22734
53060
36303
35613
49349
9463
12808
16888
44646
5509
2844
31052
44074
825
14073
10304
55435
34540
32598
13132
46277
64541
57293
37977
36723
9159
16897
9806
52007
14501
16077
31134
39467
8731
23103
14633
12109
7846
35497
26438
44011
8961
30311
10875
5595
56049
58234
58953
30862
15259
27928
61206
41951
43070
61597
38520
9481
63675
58132
30662
33585
8314
9408
35173
9509
39795
5972
20172
49600
12645
65500
46911
52192
35887
50474
28339
58971
49324
14551
11949
20538
26883
33376
36165
9680
42721
21271
52812
52296
9055
64939
54991
27501
27657
50763
60264
51406
22606
2011
48891
30766
7069
35103
18185
15321
28127
24741
7665
46144
39209
33203
5997
31982
1921
54768
18812
28306
6659
6390
47499
38375
4686
25341
15202
11925
52136
61524
54076
33679
422
41689
8013
27771
14792
33601
19480
28033
54152
6119
54212
31872
47630
20642
34864
39157
7055
32898
812
47641
65321
536
48441
56946
41609
44788
31451
2066
63399
59815
4028
46739
8183
8526
20375
35573
18593
6214
25453
34382
12809
58323
12325
6984
1873
16975
28355
44922
65488
7946
65461
19820
53261
41184
44898
3704
57539
4267
29515
5444
64573
406
20994
64064
64461
5365
63111
64479
33866
16456
64975
36916
3964
54303
36184
38340
3491
30875
47243
4473
31769
40442
49529
26801
49220
22422
50645
23484
14255
31732
60377
47068
49775
6041
31070
5030
35656
34823
21309
48647
42104
56154
28931
60245
22523
42329
43710
46331
39385
20160
37126
35762
10618
52612
29692
43588
6124
44750
27101
2924
35649
50135
43546
35115
22013
39923
25687
35568
60588
9724
58340
62040
13724
25703
11784
32948
57198
32740
52404
29085
19801
50801
25918
32154
41801
16089
27897
25285
11093
33990
28923
46412
49411
7702
15466
24179
26699
35155
50847
25304
60900
60752
24910
22637
53004
48408
40016
13798
36942
24577
53612
45267
44927
11775
11339
20812
1324
60013
17023
23082
28582
38346
15008
2031
13653
36784
63814
56890
36939
55156
33805
28954
8467
59970
36749
31775
42544
37556
6650
8644
51063
42699
47813
53781
15370
32635
29894
54398
13861
7994
62984
34262
11409
56724
13033
36323
40383
49758
45991
9885
51044
59074
4253
55265
65051
31381
25485
5148
65194
56321
41230
546
23789
21566
11560
36345
61064
63699
46919
62064
32920
15104
46233
12197
19186
20911
14933
62441
55348
49948
42075
1184
41826
25849
21857
8254
37156
39511
64943
4468
63358
61480
37299
29303
55721
27188
25440
42501
51900
27899
28125
20193
63318
43912
43988
3586
49281
29915
29315
20512
10084
10661
2146
15489
52571
10955
39556
30105
13869
47518
63839
57391
13632
46743
8558
25497
23134
63594
6005
58757
57865
52746
28810
16892
10153
47335
29721
52469
6265
17258
61419
59966
23548
10488
62530
25355
13722
37502
63037
33313
57743
39755
37301
22749
59710
28640
61270
21608
40779
20865
57478
62294
21982
28766
5819
46417
39007
39101
36764
34875
39234
63656
53397
1213
27386
2266
56423
51175
33932
51088
49357
27712
30090
48336
6921
58153
46499
38814
15700
52102
51454
59650
34208
29888
55071
34494
40387
25026
38351
19066
32384
46673
34587
11577
14294
9999
61680
34902
21114
61676
18598
36697
36216
29963
42194
50925
20879
18795
61101
24408
20057
37379
16927
23133
50590
322
8845
22395
21589
61044
51943
48287
59376
1165
964
52860
44812
26832
8785
43330
30651
9846
24914
2732
10366
47032
57874
34674
64754
48440
47305
16991
27035
12050
22078
6381
5118
26470
64051
43666
2814
28870
10037
47871
22589
42026
2856
28398
